THERMAL_REGRESSION_MODEL_V1
num_cores 4
num_features 124
num_targets 4
feature_names
start_peak_temp
mean_start_temp
max_start_temp
min_start_temp
std_start_temp
mean_start_power
sum_start_power
max_start_power
mean_start_util
sum_start_util
num_active_cores
mean_old_freq
mean_new_freq
max_new_freq
min_new_freq
sum_new_freq
mean_delta_freq
max_delta_freq
min_delta_freq
sum_delta_freq
old_freq_c0
old_freq_c1
old_freq_c2
old_freq_c3
new_freq_c0
new_freq_c1
new_freq_c2
new_freq_c3
delta_freq_c0
delta_freq_c1
delta_freq_c2
delta_freq_c3
new_freq_sq_c0
new_freq_sq_c1
new_freq_sq_c2
new_freq_sq_c3
new_freq_cube_c0
new_freq_cube_c1
new_freq_cube_c2
new_freq_cube_c3
old_freq_sq_c0
old_freq_sq_c1
old_freq_sq_c2
old_freq_sq_c3
old_freq_cube_c0
old_freq_cube_c1
old_freq_cube_c2
old_freq_cube_c3
active_c0
active_c1
active_c2
active_c3
active_new_freq_c0
active_new_freq_c1
active_new_freq_c2
active_new_freq_c3
active_new_freq_cube_c0
active_new_freq_cube_c1
active_new_freq_cube_c2
active_new_freq_cube_c3
start_temp_c0
start_temp_c1
start_temp_c2
start_temp_c3
temp_centered_c0
temp_centered_c1
temp_centered_c2
temp_centered_c3
temp_to_peak_c0
temp_to_peak_c1
temp_to_peak_c2
temp_to_peak_c3
neighbor_temp_c0
neighbor_temp_c1
neighbor_temp_c2
neighbor_temp_c3
start_power_c0
start_power_c1
start_power_c2
start_power_c3
neighbor_power_c0
neighbor_power_c1
neighbor_power_c2
neighbor_power_c3
start_util_c0
start_util_c1
start_util_c2
start_util_c3
util_new_freq_c0
util_new_freq_c1
util_new_freq_c2
util_new_freq_c3
util_new_freq_cube_c0
util_new_freq_cube_c1
util_new_freq_cube_c2
util_new_freq_cube_c3
start_ipc_c0
start_ipc_c1
start_ipc_c2
start_ipc_c3
start_rel_nuca_cpi_c0
start_rel_nuca_cpi_c1
start_rel_nuca_cpi_c2
start_rel_nuca_cpi_c3
log_start_ips_c0
log_start_ips_c1
log_start_ips_c2
log_start_ips_c3
workload_index_c0
workload_index_c1
workload_index_c2
workload_index_c3
temp_power_interaction_c0
temp_power_interaction_c1
temp_power_interaction_c2
temp_power_interaction_c3
temp_freq_interaction_c0
temp_freq_interaction_c1
temp_freq_interaction_c2
temp_freq_interaction_c3
temp_work_interaction_c0
temp_work_interaction_c1
temp_work_interaction_c2
temp_work_interaction_c3
target_names
delta_temp_c0
delta_temp_c1
delta_temp_c2
delta_temp_c3
x_mean
71.731474669847614 58.669884712465347 71.731474669847614 48.332580619144004 9.3677874377795636 1.3083963053567069 5.2335852214268277 2.3207189025966803 0.22239055323161289 0.88956221292645155 3.064516129032258 1.6981566820276497 1.7667050691244239 2.3294930875576036 1.2304147465437787 7.0668202764976957 0.068548387096774188 0.88248847926267282 -0.71198156682027647 0.27419354838709675 1.7211981566820276 1.7004608294930876 1.6682027649769586 1.7027649769585254 1.7788018433179724 1.792626728110599 1.7119815668202765 1.7834101382488479 0.057603686635944701 0.092165898617511524 0.04377880184331797 0.080645161290322578 3.725806451612903 3.8179723502304146 3.4412442396313363 3.7281105990783412 8.7741935483870961 9.185483870967742 7.8485023041474653 8.7511520737327189 3.4711981566820276 3.3824884792626726 3.2534562211981566 3.3629032258064515 8.0132488479262669 7.7108294930875578 7.3260368663594466 7.5766129032258061 1 0.70506912442396308 0.67281105990783407 0.68663594470046085 1.7788018433179724 1.2465437788018434 1.1543778801843319 1.1981566820276497 8.7741935483870961 6.342741935483871 5.383064516129032 5.6808755760368665 54.069354870352328 60.363364171322587 60.221013820665775 60.025806637952954 -0.93064512964767243 5.3633641713225897 5.2210138206657728 5.0258066379529538 17.662119799495294 11.368110498525031 11.510460849181847 11.705668031894666 60.203394788750856 58.10539134856193 58.152841717416791 58.217910731443062 0.96298617797513164 1.4417834119862676 1.4150967814955293 1.4137188882871707 1.4235330232277443 1.2639339397305167 1.2728294851043807 1.2732887798190666 0.11106451593064767 0.26106912484778788 0.25908755713618847 0.25834101431655443 0.19659907751060027 0.45972580806038899 0.44504608193300838 0.45040553265727612 0.94991359690607691 2.3247114182685928 2.0865264959324339 2.1340552969462312 0.44590691569763397 1.0443765817699344 1.0363594831958893 1.0332497487419761 0 0 0 0 4.792062335300006 7.5537927842909287 7.3501717363085062 7.4390835773010959 1.4739542750970027 3.3894143706093187 3.088974225356282 3.1660669539381283 9.0180383738010157 19.945410231634767 20.743121583752917 17.806151463491371 -2.6374193094842444 7.8831108814010973 7.5323271685481616 7.2455072095317226 14.774707996334735 26.696758096994756 25.728999584775917 24.026889102662214
x_scale
11.583890427447884 5.7314861067128255 11.583890427447884 0.79356739505690066 4.7323263588280291 0.56357532249391573 2.2543012899756629 1.2216651776636753 0.082160412505270855 0.32864165002108342 1.3493414918846267 0.54351756983802479 0.52233554342799682 0.80089593909056456 0.38984377511912344 2.0893421737119873 0.84998568093641269 0.92645067767377809 0.89609713904773014 3.3999427237456508 0.71321459752056227 0.70065786702380883 0.6859706670998309 0.68080442055695034 0.7494467651684722 0.77747139104529372 0.71439719659229284 0.73997221425507964 1.0637078743781387 1.1209292598810026 1.0665291079797821 1.101609023614897 2.8927133021184992 3.0392478057970109 2.7709722827844954 2.8688366316512792 9.1856095462812153 9.7650251766881162 8.8635662087351026 9.1258008201039527 2.930557651655056 2.870679246698403 2.8424934758985456 2.7924427894892037 10.593812870115023 10.405234979573692 10.39950712047794 10.148726551856136 1 0.45601168209596321 0.46918688981420947 0.46386099657738716 0.7494467651684722 1.0407811401653899 1.0036301414830082 1.0114078855410478 9.1856095462812153 9.2477327383398205 8.2343671569283572 8.1970425383929708 11.148189983093555 11.856140912543934 12.481590145155835 11.094303447081762 11.148189983093555 11.856140912543935 12.481590145155836 11.094303447081762 14.316923916102462 12.229102835390945 12.132361363533652 12.844172762234294 9.3100358244521271 5.4947207445138657 5.2359889786378293 5.738399458474432 0.92329179445539389 1.0731201766708403 1.1128231856142046 1.0043174834935658 0.8175465986589 0.55217325187534161 0.54113907811917528 0.57925707436762552 0.17580895413464648 0.164222816928487 0.1744144028235888 0.17004711720384758 0.3455868228348804 0.37733324147152175 0.37841613180606326 0.37451533348945976 2.3589991527860179 3.3747332470956088 3.1549626616589652 3.0589040629761461 0.70590676888025783 0.65695195731060663 0.69767852263137209 0.68011117415057387 1 1 1 1 2.9179696236769694 2.9601040037734192 3.0487155435405073 3.0154398047288153 3.8274431928472734 4.9426050738639011 4.7437205907938678 4.5858115100459971 37.260718533420892 43.466876778628439 46.774618834629095 36.126899662153427 17.684702632704767 18.892435792937988 18.29035365257084 17.359122896936867 51.686396372180546 58.191801519836886 55.275654248786566 48.164276792501475
y_mean
-0.060967739825973866 -0.0047926309471306161 -0.0036866500081005186 0.0089861786310573878
y_scale
9.7005142808440663 12.047505663926446 12.201017814467297 11.233979154656303
coef
-0.016214406117796898 -0.059054754674434662 -0.016214840114116669 -0.061267092823982239 -0.065661750733852386 0.0012942294124513865 0.0012942238245159388 0.1035231351852417 -0.094231747090816498 -0.094231940805912018 -0.083030238747596741 -0.023627493530511856 -0.0010372435208410025 0.06484483927488327 0.089842237532138824 -0.0010373364202678204 0.014472134411334991 -0.1210288405418396 -0.078966207802295685 0.014472134411334991 0.058627162128686905 -0.080895356833934784 -0.032320704311132431 -0.021059457212686539 0.089722700417041779 -0.037622630596160889 0.049446698278188705 -0.10201475024223328 0.023911386728286743 0.024469772353768349 0.053909629583358765 -0.055514924228191376 0.026478331536054611 -0.055735930800437927 -0.011568761430680752 0.0028032560367137194 -0.03874591737985611 -0.055350866168737411 -0.049941211938858032 0.12228284776210785 0.035649165511131287 -0.07473425567150116 0.007693552877753973 -0.031468018889427185 0.016524819657206535 -0.067065432667732239 0.048588283360004425 -0.016717806458473206 0 -0.20553010702133179 -0.03228837251663208 -0.0068984874524176121 0.089722134172916412 -0.12674757838249207 -0.0024325198028236628 0.0055198585614562035 -0.03874722495675087 0.0091417646035552025 0.031702771782875061 0.012942589819431305 -0.25079333782196045 0.058501012623310089 0.038420528173446655 0.024220747873187065 -0.25079318881034851 0.058501217514276505 0.038420453667640686 0.024220716208219528 0.18216525018215179 -0.072074346244335175 -0.055010020732879639 -0.035536635667085648 0.051623720675706863 -0.12421564757823944 -0.11672693490982056 -0.094255931675434113 -0.04766685888171196 0.040314946323633194 -0.0011953400680795312 0.0049727354198694229 0.01913328655064106 -0.024359574541449547 0.0026190946809947491 -0.0011966138845309615 -0.18002702295780182 0.096455074846744537 -0.030135566368699074 -0.05822010338306427 0.17110797762870789 0.10363605618476868 -0.050011023879051208 -0.022712361067533493 0.30527305603027344 0.073345832526683807 -0.079652883112430573 0.0037547836545854807 -0.18027123808860779 0.096205867826938629 -0.030135324224829674 -0.058261282742023468 0 0 0 0 0.05484212189912796 0.070909582078456879 -0.023334572091698647 -0.15385273098945618 0.066025719046592712 0.0038564542774111032 0.045893460512161255 0.019094394519925117 -0.06158919632434845 -0.0067513161338865757 0.0095553146675229073 0.047281622886657715 0.10981747508049011 0.15432648360729218 0.041368823498487473 0.05532020702958107 0.16731466352939606 -0.071545764803886414 -0.0047755595296621323 -0.04456644132733345
-0.032944146543741226 -0.067577056586742401 -0.032944250851869583 -0.035296928137540817 -0.00099770014639943838 0.0070578926242887974 0.0070578986778855324 0.063643015921115875 0.077246084809303284 0.077246196568012238 -0.023400302976369858 0.016149919480085373 0.037486884742975235 -0.061538979411125183 0.054476786404848099 0.03748716413974762 0.012705263681709766 -0.034998960793018341 0.032776448875665665 0.012705296277999878 0.0082755852490663528 0.061483405530452728 -0.041928377002477646 0.021874750033020973 -0.036945130676031113 0.17171561717987061 -0.027071906253695488 -0.011019486002624035 -0.031583733856678009 0.080677114427089691 0.0088313529267907143 -0.020922280848026276 -0.0072453143075108528 0.052488669753074646 -0.061755813658237457 0.016667727380990982 0.025673558935523033 -0.071499012410640717 -0.090088777244091034 0.039719745516777039 -0.0040468336082994938 0.0054895756766200066 0.0014694517012685537 -0.038588549941778183 0.0012635665480047464 -0.016348313540220261 0.041626464575529099 -0.061457015573978424 0 -0.015095544047653675 -0.08012506365776062 0.027796665206551552 -0.03694542869925499 0.21024172008037567 -0.0050278231501579285 -0.016798155382275581 0.025673439726233482 0.008593331091105938 0.013117628172039986 -0.025798007845878601 0.049190778285264969 -0.20135045051574707 0.0029182054568082094 0.022820284590125084 0.049190733581781387 -0.20135170221328735 0.0029185966122895479 0.022820057347416878 -0.064962893724441528 0.16400738060474396 -0.03445778414607048 -0.049428071826696396 -0.075101576745510101 0.050838794559240341 -0.10094702988862991 -0.10470975190401077 -0.045695312321186066 0.022397207096219063 -0.016265278682112694 0.0519530288875103 0.023689623922109604 -0.0048962901346385479 0.020956160500645638 -0.020855877548456192 0.071751721203327179 -0.056956633925437927 0.025712413713335991 0.10374952107667923 -0.021492578089237213 0.19721218943595886 0.081461325287818909 0.0043596127070486546 0.038204595446586609 0.010527228005230427 0.081966735422611237 -0.028885841369628906 0.072670690715312958 -0.0560171939432621 0.025051159784197807 0.10309086740016937 0 0 0 0 0.039103936403989792 -0.040683608502149582 0.044705044478178024 0.0011614917311817408 0.015752090141177177 0.01726221852004528 0.024115117266774178 -0.009693278931081295 0.004923003725707531 -0.025661693885922432 0.080199144780635834 0.028964463621377945 0.019967095926403999 0.018886862322688103 -0.040164127945899963 -0.083026111125946045 -0.0047166245058178902 0.31281200051307678 -0.0089959884062409401 0.033109523355960846
-0.01413052249699831 -0.067345738410949707 -0.014130569994449615 0.0050269640050828457 -0.052282433956861496 0.0093752602115273476 0.009375271387398243 -0.04330761730670929 -0.0012754782801494002 -0.0012755970237776637 0.020792853087186813 -0.0035201723221689463 0.040474198758602142 -0.059815987944602966 0.012165587395429611 0.04047432541847229 0.027113227173686028 0.015784036368131638 -0.031751185655593872 0.027113338932394981 -0.050543192774057388 0.007441564928740263 0.046269595623016357 -0.01257004402577877 -0.027344457805156708 0.043070916086435318 0.14682452380657196 -0.045043032616376877 0.014621182344853878 0.025220777839422226 0.068584978580474854 -0.02248823270201683 -0.026835005730390549 -0.0081650055944919586 0.0085668573155999184 0.002511707367375493 -0.01893838495016098 -0.048850487917661667 -0.13243378698825836 0.039642568677663803 0.022920800372958183 0.003662752453237772 0.013923125341534615 -0.0083960602059960365 0.071547582745552063 -0.003159975865855813 -0.010090558789670467 -0.013492068275809288 0 0.025899635627865791 0.037056110799312592 -0.0024568743538111448 -0.027345569804310799 0.0392165407538414 0.27256298065185547 -0.049174007028341293 -0.018938316032290459 -0.063483327627182007 0.082723952829837799 0.0061711869202554226 0.021719314157962799 0.017236813902854919 -0.16622988879680634 0.0076005826704204082 0.021719604730606079 0.017236780375242233 -0.16623026132583618 0.007600677665323019 -0.028342513367533684 -0.030092969536781311 0.15753057599067688 -0.019310072064399719 -0.063951671123504639 -0.1060619056224823 0.033796418458223343 -0.094589829444885254 0.015879299491643906 -0.020085480064153671 -0.021876554936170578 0.052151191979646683 0.0026387115940451622 0.025764226913452148 0.028016252443194389 -0.017977751791477203 0.01426877174526453 0.004607462789863348 -0.036927632987499237 0.01620708592236042 -0.0012887786142528057 0.039570938795804977 0.15969374775886536 -0.038137327879667282 0.04839659109711647 -0.049337118864059448 -0.03665928915143013 0.012729153968393803 0.01439068466424942 0.004220365546643734 -0.035944517701864243 0.015656892210245132 0 0 0 0 0.032951921224594116 -0.0021597601007670164 -0.021830359473824501 0.035397890955209732 -0.017556000500917435 -0.035098884254693985 0.077756673097610474 0.024221483618021011 0.021343771368265152 0.026568697765469551 -0.075031585991382599 0.011350454762578011 0.015218104235827923 0.02828851155936718 0.043374966830015182 -0.007726673036813736 0.0023572365753352642 0.041760735213756561 0.34669238328933716 -0.012362055480480194
-0.009438428096473217 -0.079440250992774963 -0.0094380015507340431 -0.068181104958057404 -0.079935163259506226 0.038119923323392868 0.038119897246360779 -0.01835189014673233 0.026853086426854134 0.026853442192077637 0.026394672691822052 0.038107424974441528 0.055717188864946365 -0.154680535197258 -0.098640881478786469 0.055717207491397858 0.0098693985491991043 0.0055387620814144611 0.061203300952911377 0.0098694087937474251 0.026137122884392738 0.024015886709094048 -0.0002451437758281827 0.06984344869852066 -0.020474070683121681 0.013447086326777935 -0.065998077392578125 0.22763034701347351 -0.031956534832715988 -0.0056864372454583645 -0.044045291841030121 0.10974466800689697 -0.0028442526236176491 0.058290272951126099 -0.036484666168689728 0.065398231148719788 -0.0083333402872085571 0.097693562507629395 -0.0023735356517136097 -0.11538104712963104 0.027946026995778084 -0.024890152737498283 -0.019212761893868446 -0.011911628767848015 0.029863812029361725 -0.057754084467887878 -0.028096858412027359 -0.061836019158363342 0 0.077965490520000458 0.019452465698122978 -0.019551403820514679 -0.020473774522542953 -0.039158131927251816 0.049484416842460632 0.22946099936962128 -0.0083332667127251625 -0.0045814621262252331 0.027634702622890472 0.015828674659132957 0.026451170444488525 0.029994439333677292 -0.014872637577354908 -0.20606762170791626 0.026450999081134796 0.029993323609232903 -0.014873089268803596 -0.20606818795204163 -0.028225846588611603 -0.038016960024833679 0.0062888576649129391 0.16948170959949493 -0.07576722651720047 -0.13206438720226288 -0.10413648188114166 0.027004983276128769 -0.051685616374015808 0.039404995739459991 0.082036055624485016 6.1472477682400495e-05 0.054490432143211365 0.026346325874328613 -0.0033129213843494654 0.049412623047828674 0.05567559227347374 0.064411886036396027 -0.015627872198820114 -0.051845133304595947 0.023554405197501183 -0.052398737519979477 0.03471052274107933 0.21551148593425751 0.02170276828110218 -0.011386840604245663 0.048813126981258392 0.0084389587864279747 0.056569036096334457 0.063950829207897186 -0.016006104648113251 -0.05237291008234024 0 0 0 0 -0.044692501425743103 0.026894139125943184 0.033472321927547455 -0.061323031783103943 0.033851008862257004 -0.010394140146672726 0.032669864594936371 0.017819719389081001 0.029204677790403366 -0.012472313828766346 -0.0057727196253836155 0.003531051566824317 0.042492914944887161 -0.05757446214556694 0.051430616527795792 -0.049226813018321991 0.0014641707530245185 -0.041621234267950058 -0.0957011878490448 0.28681093454360962
intercept
1.1279409406483865e-08 1.9145294238853694e-09 9.9432710953806236e-09 4.1565609620874966e-08
