THERMAL_REGRESSION_MODEL_V2_PHASE_AWARE
num_cores 4
num_features 374
num_targets 4
uses_phase_interactions 1
phase_names
master_only
workers_only
feature_names
start_peak_temp
mean_start_temp
max_start_temp
min_start_temp
std_start_temp
mean_start_power
sum_start_power
max_start_power
mean_start_util
sum_start_util
num_active_cores
mean_old_freq
mean_new_freq
max_new_freq
min_new_freq
sum_new_freq
mean_delta_freq
max_delta_freq
min_delta_freq
sum_delta_freq
old_freq_c0
old_freq_c1
old_freq_c2
old_freq_c3
new_freq_c0
new_freq_c1
new_freq_c2
new_freq_c3
delta_freq_c0
delta_freq_c1
delta_freq_c2
delta_freq_c3
new_freq_sq_c0
new_freq_sq_c1
new_freq_sq_c2
new_freq_sq_c3
new_freq_cube_c0
new_freq_cube_c1
new_freq_cube_c2
new_freq_cube_c3
old_freq_sq_c0
old_freq_sq_c1
old_freq_sq_c2
old_freq_sq_c3
old_freq_cube_c0
old_freq_cube_c1
old_freq_cube_c2
old_freq_cube_c3
active_c0
active_c1
active_c2
active_c3
active_new_freq_c0
active_new_freq_c1
active_new_freq_c2
active_new_freq_c3
active_new_freq_cube_c0
active_new_freq_cube_c1
active_new_freq_cube_c2
active_new_freq_cube_c3
start_temp_c0
start_temp_c1
start_temp_c2
start_temp_c3
temp_centered_c0
temp_centered_c1
temp_centered_c2
temp_centered_c3
temp_to_peak_c0
temp_to_peak_c1
temp_to_peak_c2
temp_to_peak_c3
neighbor_temp_c0
neighbor_temp_c1
neighbor_temp_c2
neighbor_temp_c3
start_power_c0
start_power_c1
start_power_c2
start_power_c3
neighbor_power_c0
neighbor_power_c1
neighbor_power_c2
neighbor_power_c3
start_util_c0
start_util_c1
start_util_c2
start_util_c3
util_new_freq_c0
util_new_freq_c1
util_new_freq_c2
util_new_freq_c3
util_new_freq_cube_c0
util_new_freq_cube_c1
util_new_freq_cube_c2
util_new_freq_cube_c3
start_ipc_c0
start_ipc_c1
start_ipc_c2
start_ipc_c3
start_rel_nuca_cpi_c0
start_rel_nuca_cpi_c1
start_rel_nuca_cpi_c2
start_rel_nuca_cpi_c3
log_start_ips_c0
log_start_ips_c1
log_start_ips_c2
log_start_ips_c3
workload_index_c0
workload_index_c1
workload_index_c2
workload_index_c3
temp_power_interaction_c0
temp_power_interaction_c1
temp_power_interaction_c2
temp_power_interaction_c3
temp_freq_interaction_c0
temp_freq_interaction_c1
temp_freq_interaction_c2
temp_freq_interaction_c3
temp_work_interaction_c0
temp_work_interaction_c1
temp_work_interaction_c2
temp_work_interaction_c3
phase_master_only
phase_workers_only
master_only_x_start_peak_temp
master_only_x_mean_start_temp
master_only_x_max_start_temp
master_only_x_min_start_temp
master_only_x_std_start_temp
master_only_x_mean_start_power
master_only_x_sum_start_power
master_only_x_max_start_power
master_only_x_mean_start_util
master_only_x_sum_start_util
master_only_x_num_active_cores
master_only_x_mean_old_freq
master_only_x_mean_new_freq
master_only_x_max_new_freq
master_only_x_min_new_freq
master_only_x_sum_new_freq
master_only_x_mean_delta_freq
master_only_x_max_delta_freq
master_only_x_min_delta_freq
master_only_x_sum_delta_freq
master_only_x_old_freq_c0
master_only_x_old_freq_c1
master_only_x_old_freq_c2
master_only_x_old_freq_c3
master_only_x_new_freq_c0
master_only_x_new_freq_c1
master_only_x_new_freq_c2
master_only_x_new_freq_c3
master_only_x_delta_freq_c0
master_only_x_delta_freq_c1
master_only_x_delta_freq_c2
master_only_x_delta_freq_c3
master_only_x_new_freq_sq_c0
master_only_x_new_freq_sq_c1
master_only_x_new_freq_sq_c2
master_only_x_new_freq_sq_c3
master_only_x_new_freq_cube_c0
master_only_x_new_freq_cube_c1
master_only_x_new_freq_cube_c2
master_only_x_new_freq_cube_c3
master_only_x_old_freq_sq_c0
master_only_x_old_freq_sq_c1
master_only_x_old_freq_sq_c2
master_only_x_old_freq_sq_c3
master_only_x_old_freq_cube_c0
master_only_x_old_freq_cube_c1
master_only_x_old_freq_cube_c2
master_only_x_old_freq_cube_c3
master_only_x_active_c0
master_only_x_active_c1
master_only_x_active_c2
master_only_x_active_c3
master_only_x_active_new_freq_c0
master_only_x_active_new_freq_c1
master_only_x_active_new_freq_c2
master_only_x_active_new_freq_c3
master_only_x_active_new_freq_cube_c0
master_only_x_active_new_freq_cube_c1
master_only_x_active_new_freq_cube_c2
master_only_x_active_new_freq_cube_c3
master_only_x_start_temp_c0
master_only_x_start_temp_c1
master_only_x_start_temp_c2
master_only_x_start_temp_c3
master_only_x_temp_centered_c0
master_only_x_temp_centered_c1
master_only_x_temp_centered_c2
master_only_x_temp_centered_c3
master_only_x_temp_to_peak_c0
master_only_x_temp_to_peak_c1
master_only_x_temp_to_peak_c2
master_only_x_temp_to_peak_c3
master_only_x_neighbor_temp_c0
master_only_x_neighbor_temp_c1
master_only_x_neighbor_temp_c2
master_only_x_neighbor_temp_c3
master_only_x_start_power_c0
master_only_x_start_power_c1
master_only_x_start_power_c2
master_only_x_start_power_c3
master_only_x_neighbor_power_c0
master_only_x_neighbor_power_c1
master_only_x_neighbor_power_c2
master_only_x_neighbor_power_c3
master_only_x_start_util_c0
master_only_x_start_util_c1
master_only_x_start_util_c2
master_only_x_start_util_c3
master_only_x_util_new_freq_c0
master_only_x_util_new_freq_c1
master_only_x_util_new_freq_c2
master_only_x_util_new_freq_c3
master_only_x_util_new_freq_cube_c0
master_only_x_util_new_freq_cube_c1
master_only_x_util_new_freq_cube_c2
master_only_x_util_new_freq_cube_c3
master_only_x_start_ipc_c0
master_only_x_start_ipc_c1
master_only_x_start_ipc_c2
master_only_x_start_ipc_c3
master_only_x_start_rel_nuca_cpi_c0
master_only_x_start_rel_nuca_cpi_c1
master_only_x_start_rel_nuca_cpi_c2
master_only_x_start_rel_nuca_cpi_c3
master_only_x_log_start_ips_c0
master_only_x_log_start_ips_c1
master_only_x_log_start_ips_c2
master_only_x_log_start_ips_c3
master_only_x_workload_index_c0
master_only_x_workload_index_c1
master_only_x_workload_index_c2
master_only_x_workload_index_c3
master_only_x_temp_power_interaction_c0
master_only_x_temp_power_interaction_c1
master_only_x_temp_power_interaction_c2
master_only_x_temp_power_interaction_c3
master_only_x_temp_freq_interaction_c0
master_only_x_temp_freq_interaction_c1
master_only_x_temp_freq_interaction_c2
master_only_x_temp_freq_interaction_c3
master_only_x_temp_work_interaction_c0
master_only_x_temp_work_interaction_c1
master_only_x_temp_work_interaction_c2
master_only_x_temp_work_interaction_c3
workers_only_x_start_peak_temp
workers_only_x_mean_start_temp
workers_only_x_max_start_temp
workers_only_x_min_start_temp
workers_only_x_std_start_temp
workers_only_x_mean_start_power
workers_only_x_sum_start_power
workers_only_x_max_start_power
workers_only_x_mean_start_util
workers_only_x_sum_start_util
workers_only_x_num_active_cores
workers_only_x_mean_old_freq
workers_only_x_mean_new_freq
workers_only_x_max_new_freq
workers_only_x_min_new_freq
workers_only_x_sum_new_freq
workers_only_x_mean_delta_freq
workers_only_x_max_delta_freq
workers_only_x_min_delta_freq
workers_only_x_sum_delta_freq
workers_only_x_old_freq_c0
workers_only_x_old_freq_c1
workers_only_x_old_freq_c2
workers_only_x_old_freq_c3
workers_only_x_new_freq_c0
workers_only_x_new_freq_c1
workers_only_x_new_freq_c2
workers_only_x_new_freq_c3
workers_only_x_delta_freq_c0
workers_only_x_delta_freq_c1
workers_only_x_delta_freq_c2
workers_only_x_delta_freq_c3
workers_only_x_new_freq_sq_c0
workers_only_x_new_freq_sq_c1
workers_only_x_new_freq_sq_c2
workers_only_x_new_freq_sq_c3
workers_only_x_new_freq_cube_c0
workers_only_x_new_freq_cube_c1
workers_only_x_new_freq_cube_c2
workers_only_x_new_freq_cube_c3
workers_only_x_old_freq_sq_c0
workers_only_x_old_freq_sq_c1
workers_only_x_old_freq_sq_c2
workers_only_x_old_freq_sq_c3
workers_only_x_old_freq_cube_c0
workers_only_x_old_freq_cube_c1
workers_only_x_old_freq_cube_c2
workers_only_x_old_freq_cube_c3
workers_only_x_active_c0
workers_only_x_active_c1
workers_only_x_active_c2
workers_only_x_active_c3
workers_only_x_active_new_freq_c0
workers_only_x_active_new_freq_c1
workers_only_x_active_new_freq_c2
workers_only_x_active_new_freq_c3
workers_only_x_active_new_freq_cube_c0
workers_only_x_active_new_freq_cube_c1
workers_only_x_active_new_freq_cube_c2
workers_only_x_active_new_freq_cube_c3
workers_only_x_start_temp_c0
workers_only_x_start_temp_c1
workers_only_x_start_temp_c2
workers_only_x_start_temp_c3
workers_only_x_temp_centered_c0
workers_only_x_temp_centered_c1
workers_only_x_temp_centered_c2
workers_only_x_temp_centered_c3
workers_only_x_temp_to_peak_c0
workers_only_x_temp_to_peak_c1
workers_only_x_temp_to_peak_c2
workers_only_x_temp_to_peak_c3
workers_only_x_neighbor_temp_c0
workers_only_x_neighbor_temp_c1
workers_only_x_neighbor_temp_c2
workers_only_x_neighbor_temp_c3
workers_only_x_start_power_c0
workers_only_x_start_power_c1
workers_only_x_start_power_c2
workers_only_x_start_power_c3
workers_only_x_neighbor_power_c0
workers_only_x_neighbor_power_c1
workers_only_x_neighbor_power_c2
workers_only_x_neighbor_power_c3
workers_only_x_start_util_c0
workers_only_x_start_util_c1
workers_only_x_start_util_c2
workers_only_x_start_util_c3
workers_only_x_util_new_freq_c0
workers_only_x_util_new_freq_c1
workers_only_x_util_new_freq_c2
workers_only_x_util_new_freq_c3
workers_only_x_util_new_freq_cube_c0
workers_only_x_util_new_freq_cube_c1
workers_only_x_util_new_freq_cube_c2
workers_only_x_util_new_freq_cube_c3
workers_only_x_start_ipc_c0
workers_only_x_start_ipc_c1
workers_only_x_start_ipc_c2
workers_only_x_start_ipc_c3
workers_only_x_start_rel_nuca_cpi_c0
workers_only_x_start_rel_nuca_cpi_c1
workers_only_x_start_rel_nuca_cpi_c2
workers_only_x_start_rel_nuca_cpi_c3
workers_only_x_log_start_ips_c0
workers_only_x_log_start_ips_c1
workers_only_x_log_start_ips_c2
workers_only_x_log_start_ips_c3
workers_only_x_workload_index_c0
workers_only_x_workload_index_c1
workers_only_x_workload_index_c2
workers_only_x_workload_index_c3
workers_only_x_temp_power_interaction_c0
workers_only_x_temp_power_interaction_c1
workers_only_x_temp_power_interaction_c2
workers_only_x_temp_power_interaction_c3
workers_only_x_temp_freq_interaction_c0
workers_only_x_temp_freq_interaction_c1
workers_only_x_temp_freq_interaction_c2
workers_only_x_temp_freq_interaction_c3
workers_only_x_temp_work_interaction_c0
workers_only_x_temp_work_interaction_c1
workers_only_x_temp_work_interaction_c2
workers_only_x_temp_work_interaction_c3
target_names
delta_temp_c0
delta_temp_c1
delta_temp_c2
delta_temp_c3
x_mean
84.942765597112199 63.966147352077201 84.942765597112199 48.766733547967519 14.321400784000843 1.7062369703290936 6.8249478813163744 3.319895794014176 0.22459168348438993 0.89836673393755972 4 1.9762024048096192 2.2695390781563125 3.1663326653306614 1.3937875751503006 9.07815631262525 0.29333667334669339 1.4669338677354709 -0.92084168336673344 1.1733466933867736 1.9529058116232465 1.9649298597194389 1.9779559118236474 2.0090180360721441 2.2645290581162323 2.2635270541082164 2.2805611222444888 2.2695390781563125 0.31162324649298595 0.29859719438877758 0.30260521042084171 0.26052104208416832 6.2555110220440886 6.2419839679358722 6.3076152304609217 6.2820641282565131 19.558116232464929 19.49624248496994 19.694388777555112 19.682615230460922 4.4704408817635271 4.5205410821643284 4.5501002004008013 4.7059118236472948 11.55185370741483 11.724699398797595 11.717434869739479 12.354959919839679 1 1 1 1 2.2645290581162323 2.2635270541082164 2.2805611222444888 2.2695390781563125 19.558116232464929 19.49624248496994 19.694388777555112 19.682615230460922 55.776372844566083 65.841623180137134 66.826332810885447 67.420260488628628 0.77637284456608524 10.84162318013713 11.826332810885443 12.420260488628625 29.166392760190792 19.101142409330379 18.116432786226749 17.522505054970782 66.696072282198671 63.340988778399087 63.012752127790741 62.814776380458675 1.1057454923350729 1.8527414863238594 1.9098096176952064 1.9566513075379428 1.9064008045889334 1.6574021270853245 1.6383794218242049 1.6227655272803947 0.10137474907185129 0.26772545233279288 0.26596192218258768 0.26330460963363878 0.23797394642849007 0.59752204661856667 0.60584769250156889 0.59167134499024299 2.0758707263546143 5.0463664995166724 5.2457053468437618 5.1020991904941013 0.40698680046475483 1.0709975671194838 1.0638270060380619 1.0529549833767877 0 0 0 0 4.7688638514172812 7.7151603292606641 7.5193165944430058 7.53355097961808 3.2306401398712263 7.4260760143787445 8.0268274912375492 7.705852677683553 18.371415023395198 46.760928676361011 53.887837059803324 57.648369678424928 0.32767563783573006 21.331362496874853 24.612615420966446 24.420500730464838 49.049708575667267 104.94503620516262 135.67340362346721 129.11213496300525 0.26252505010020039 0.73747494989979956 19.608156376229022 14.563386798621657 19.608156376229022 12.666352740270581 2.9289329048985229 0.29081663160859222 1.1632665264343689 0.64551903907665031 0.025343687267962822 0.10137474907185129 1.0501002004008015 0.53456913827655306 0.60796593186372749 0.84969939879759515 0.36272545090180358 2.43186372745491 0.073396793587174353 0.39178356713426854 -0.26252505010020039 0.29358717434869741 0.53006012024048099 0.5410821643286573 0.53206412825651306 0.5350701402805611 0.61523046092184364 0.61022044088176353 0.59619238476953906 0.61022044088176353 0.085170340681362727 0.069138276553106212 0.064128256513026047 0.075150300601202411 1.722444889779559 1.7129258517034067 1.6357715430861723 1.7179358717434869 5.376753507014028 5.417585170340681 5.0653807615230457 5.4386272545090177 1.25 1.3156312625250501 1.2570140280561122 1.2765531062124249 3.30686372745491 3.6177354709418839 3.3148797595190382 3.4193386773547094 0.26252505010020039 0.26252505010020039 0.26252505010020039 0.26252505010020039 0.61523046092184364 0.61022044088176353 0.59619238476953906 0.61022044088176353 5.376753507014028 5.417585170340681 5.0653807615230457 5.4386272545090177 19.591923906712349 12.892244495705278 12.885010010254884 12.884368743590697 5.1530461512013286 -1.5466332598057444 -1.5538677452561374 -1.5545090119203251 0.01623246951667006 6.715911872879059 6.7231463430400842 6.7237876020595877 12.887207765139655 15.120434273698764 15.122845689853829 15.123059450505014 0.63306813679620588 0.1784669344793102 0.17534669415506429 0.17638477020129889 0.17673279712338724 0.32826653116929505 0.32930661054077992 0.32896058801897543 0.10137474907185129 0 0 0 0.23797394642849007 0 0 0 2.0758707263546143 0 0 0 0.40695760794775282 0 0 0 0 0 0 0 2.4929425214717766 0.80472769574794123 0.79717025011479259 0.79777630440935587 3.2306401398712263 0 0 0 21.013907993365386 -0.97034004408276386 -0.97269274834879416 -0.97329984064809305 10.24689396875416 -3.5832264772159066 -3.5492485367463442 -3.66424848751458 49.049708575667267 0 0 0 65.334609220883166 49.402760553455543 65.334609220883166 36.100380807696936 11.392467879102322 1.4154203387205013 5.6616813548820053 2.6743767549375255 0.19924799621642711 0.79699198486570844 2.9498997995991982 1.4416332665330662 1.6615731462925851 2.3166332665330662 1.031062124248497 6.6462925851703405 0.21993987975951904 1.0751503006012024 -0.65831663326653311 0.87975951903807614 1.4228456913827656 1.4238476953907815 1.4458917835671343 1.4739478957915833 1.6492985971943888 1.6533066132264529 1.6843687374749499 1.6593186372745492 0.22645290581162325 0.22945891783567135 0.23847695390781562 0.18537074148296592 4.5330661322645289 4.5290581162324646 4.6718436873747491 4.5641282565130261 14.181362725450901 14.078657314629259 14.629008016032063 14.243987975951903 3.2204408817635271 3.2049098196392785 3.2930861723446894 3.4293587174348699 8.2449899799599198 8.1069639278557108 8.4025551102204403 8.9356212424849701 0.73747494989979956 0.73747494989979956 0.73747494989979956 0.73747494989979956 1.6492985971943888 1.6533066132264529 1.6843687374749499 1.6593186372745492 14.181362725450901 14.078657314629259 14.629008016032063 14.243987975951903 36.184448937853738 52.949378684431849 53.941322800630559 54.535891745037929 -4.3766733066352428 12.388256439942873 13.380200556141579 13.97476950054895 29.150160290674123 12.385230536451321 11.393286443186666 10.798717452911193 53.808864517059021 48.220554504700317 47.889906437936908 47.691716929953657 0.47267735553886703 1.674274551844549 1.7344629235401421 1.7802665373366438 1.7296680074655459 1.3291355959160294 1.3090728112834249 1.2938049392614193 0 0.26772545233279288 0.26596192218258768 0.26330460963363878 0 0.59752204661856667 0.60584769250156889 0.59167134499024299 0 5.0463664995166724 5.2457053468437618 5.1020991904941013 2.9192517002025444e-05 1.0709975671194838 1.0638270060380619 1.0529549833767877 0 0 0 0 2.275921329945505 6.9104326335127224 6.7221463443282135 6.7357746752087246 0 7.4260760143787445 8.0268274912375492 7.705852677683553 -2.6424929699701871 47.731268720443779 54.860529808152116 58.621669519073023 -9.9192183309184294 24.914588974090758 28.161863957712789 28.084749217979414 0 104.94503620516262 135.67340362346721 129.11213496300525
x_scale
20.226455819101187 9.035015242989358 20.226455819101187 1.0737177733461545 8.0798048996694263 0.83354602582602577 3.3341841033041031 1.9641639156238606 0.083295082026761058 0.33318032810704423 1 0.54926718999612689 0.6831836999751788 1.0146170079891781 0.51504565527725144 2.7327347999007152 1.0233836362829825 1.1593519791929396 1.1183684495567192 4.0935345451319298 0.81030844293495718 0.81215252788332559 0.79861793824248739 0.81838765532241398 1.0617999656203125 1.0575581512408903 1.0519772802527059 1.0636054254176726 1.4438679578479758 1.4202296083214383 1.4260717329882677 1.4606613544016986 5.1539033876895699 5.152624083088801 5.1254123568649863 5.1758625420314077 21.184023282733701 21.267258809113773 21.160713070036575 21.310580560178845 3.5532032749391185 3.570848053257734 3.4695562585498512 3.6128819455034438 13.340942500973094 13.434351249569628 12.857298486930709 13.576539749196806 1 1 1 1 1.0617999656203125 1.0575581512408903 1.0519772802527059 1.0636054254176726 21.184023282733701 21.267258809113773 21.160713070036575 21.310580560178845 15.09310564089837 17.703165462883351 19.447658730513364 19.948743618134817 15.09310564089837 17.703165462883351 19.447658730513364 19.948743618134817 23.969476613361902 19.762160029133973 19.505638079987104 19.350361485736091 14.099562906346474 9.148614609185918 9.0865398275231897 8.4592846410493898 1.2056063201335629 1.5686121275931075 1.6712626558616888 1.7375998047308849 1.1948362830194208 0.86103276057882994 0.86294617634210369 0.79838616763022041 0.1703746831611124 0.16393277575493909 0.17609049915954905 0.17347154304429635 0.44945780467625024 0.4924215007910307 0.52404259668740416 0.5153507791685551 5.3208100920897028 7.2293089780948483 7.6052834753647129 7.5132653910356355 0.68392395285255247 0.65578795202406592 0.70434876798849999 0.69371074630376217 1 1 1 1 2.8394741077024843 2.8576250252259392 2.9716944011663311 2.9654903671531749 8.2732876656192573 10.643795056131724 11.644746375271904 11.351772865450107 74.76849349096689 98.804877263471255 113.60683043830423 119.25344616489998 30.451931510972294 36.376850510425662 41.890058562754483 40.991273420591149 173.64836420456467 215.61880633196898 276.60649320571065 269.7530462572513 0.4400064183282883 0.44000641832828824 34.335984802619471 24.5374125868824 34.335984802619471 21.233038104513753 6.5204976395468366 0.54233006777036064 2.1693202710814425 1.3935187194666854 0.0425936707902781 0.1703746831611124 1.7600256733131532 0.9390865945126905 1.0724437944368601 1.4993167815516992 0.65692960031733305 4.2897751777474404 0.49921525077159518 0.85368036499714972 0.69005128681179251 1.9968610030863807 0.98439639827187508 1.0113660830631366 0.98687475977388084 0.99511459199057528 1.159282696210663 1.1578241944412291 1.1315149947875154 1.1599857263231992 0.77940712851888727 0.69979202386935979 0.69704198341021217 0.74698037914564364 3.8635762808342058 3.9314808074301073 3.768106315687572 3.9328945150396337 13.842538963328433 14.431084593173589 13.636726541837826 14.338128749645907 2.8160896153075252 3.0210228914932937 2.8028401180335267 2.8830183718718256 9.0020311520897209 10.14361323005199 8.8338073666315164 9.3388602294014191 0.4400064183282883 0.4400064183282883 0.4400064183282883 0.4400064183282883 1.159282696210663 1.1578241944412291 1.1315149947875154 1.1599857263231992 13.842538963328433 14.431084593173589 13.636726541837826 14.338128749645907 34.321665699156348 21.622864008155943 21.604544006189943 21.60380416582516 13.202006700096215 2.7124755551784832 2.6744111753964384 2.6781577336160773 0.24044850515382263 15.088261990084725 15.041539795577171 15.040223861099497 21.605574032941377 25.562545683208608 25.564135924784431 25.564269427970604 1.3913597875457415 0.32518877858582712 0.31646569012260328 0.31949525270674228 0.30902061865598002 0.63311998354517895 0.63240710621840834 0.63151473669095415 0.1703746831611124 1 1 1 0.44945780467625024 1 1 1 5.3208100920897028 1 1 1 0.68394101289667075 1 1 1 1 1 1 1 4.1797931662699472 1.3601774143288385 1.3366661766540942 1.3378032977069845 8.2732876656192573 1 1 1 74.002345820235149 1.6784695320661189 1.6633500423215735 1.660885911639671 25.455343420163477 7.1074833671345639 6.9464464216100072 7.2232734927269471 173.64836420456467 1 1 1 42.335943728729063 30.306598385524548 42.335943728729063 21.559946137359244 9.4605446897940766 1.1063148851916156 4.4252595407664623 2.3170601398943442 0.12338236384592831 0.49352945538371323 1.760025673313153 0.98036529927144223 1.1562715979287366 1.6487512392940595 0.76269291008799589 4.6250863917149463 0.91125406134701081 1.2073853096782992 1.0584074946793782 3.6450162453880433 1.0935954554939527 1.08515785025481 1.0965779144947854 1.1210871143343095 1.3464324229448483 1.3400131935522637 1.3545278304973249 1.3456559428421362 1.2311999634448274 1.2486280678886998 1.2563436168250337 1.266259546579714 5.2202884633818032 5.1583791121590457 5.2302356100551064 5.1965039303149521 20.239721861447393 19.914435590560476 20.248912523508643 20.087169790895693 3.5701533574909718 3.4723674363624077 3.5299885173261005 3.6737770843793149 12.307489530647333 11.672472148727826 11.957461750618513 12.57839225888851 0.44000641832828824 0.44000641832828824 0.44000641832828824 0.44000641832828824 1.3464324229448483 1.3400131935522637 1.3545278304973249 1.3456559428421362 20.239721861447393 19.914435590560476 20.248912523508643 20.087169790895693 21.625703269863234 34.801242668642935 36.076641707455863 36.558844285808256 2.8986993466532982 16.36228483087703 18.151496655232986 18.636846107636377 23.988004331572089 18.145069654092229 17.533381352635605 17.130228279060656 33.449796384018406 29.80746311782568 29.622685407998194 29.33456947202583 0.34070292969117055 1.7182553822417896 1.8169295559838499 1.8828700627151724 1.3941011909375831 1.1014345029441077 1.0985945640397037 1.0439498442013435 1 0.16393277575493909 0.17609049915954905 0.17347154304429635 1 0.4924215007910307 0.52404259668740416 0.5153507791685551 1 7.2293089780948483 7.6052834753647129 7.5132653910356355 0.00065145768731280165 0.65578795202406592 0.70434876798849999 0.69371074630376217 1 1 1 1 1.3926321888450837 4.175879697252233 4.2144609751835382 4.2132764340554347 1 10.643795056131724 11.644746375271904 11.351772865450107 1.7094512929348251 98.320676301024889 113.12391572892278 118.76242232705737 8.7214257510342161 33.078840721553959 38.815164299726746 37.713257841275393 1 215.61880633196898 276.60649320571065 269.7530462572513
y_mean
0.38807614771779886 0.36466931818960185 0.21615227525363226 -0.41072144441470831
y_scale
13.345923779303106 17.354668441232469 17.945365434566757 18.779635116333939
coef
-0.035503454506397247 -0.024917697533965111 -0.035503238439559937 -0.034888647496700287 -0.021075727418065071 0.011634089052677155 0.011634000577032566 0.010705707594752312 -0.056411512196063995 -0.056411277502775192 0 0.020339732989668846 0.021310413256287575 -0.04750511422753334 -0.007082080002874136 0.021310068666934967 0.0033018714748322964 0.0030025853775441647 0.0024803890846669674 0.0033018218819051981 0.1333545595407486 0.028600297868251801 -0.058405295014381409 -0.048795390874147415 0.12639355659484863 -0.0043986961245536804 -0.040884144604206085 -0.026660669595003128 0.018123552203178406 -0.019623180851340294 0.0025403997860848904 0.0079220617190003395 0.045158851891756058 0.023365743458271027 -0.021378958597779274 0.019056824967265129 -0.062842980027198792 0.037962112575769424 -0.005981177557259798 0.012070817872881889 0.047489624470472336 0.012589630670845509 -0.026875454932451248 -0.012837628833949566 -0.0037427195347845554 -0.016809413209557533 0.021975500509142876 0.041636638343334198 0 0 0 0 0.12639203667640686 -0.004398333840072155 -0.040885817259550095 -0.026661796495318413 -0.062844745814800262 0.037962213158607483 -0.0059817829169332981 0.012070504948496819 -0.10171422362327576 0.023137982934713364 0.0013144555268809199 0.0099968547001481056 -0.1017153412103653 0.023139556869864464 0.0013165527489036322 0.0099955135956406593 0.034097675234079361 -0.057078927755355835 -0.038123682141304016 -0.047404095530509949 0.015003151260316372 -0.047744724899530411 -0.033970717340707779 -0.043342959135770798 0.033562269061803818 -0.040394876152276993 0.038909148424863815 -0.0019378109136596322 -0.00048447423614561558 0.039542771875858307 -0.010143626481294632 0.017595602199435234 -0.0095730284228920937 -0.061569560319185257 -0.033308658748865128 -0.0068788528442382812 0.1892503947019577 -0.071745224297046661 0.050133638083934784 0.050133537501096725 -0.050604537129402161 -0.064954042434692383 0.036148220300674438 -0.027608247473835945 -0.0068873735144734383 -0.061845812946557999 -0.033183835446834564 -0.0063999737612903118 0 0 0 0 0.049867592751979828 -0.065500020980834961 -0.046164378523826599 -0.021900385618209839 0.027440140023827553 -0.046693220734596252 0.015851970762014389 -0.034613225609064102 -0.10236626863479614 0.0033631129190325737 0.015497704967856407 -0.0035562643315643072 -0.077264189720153809 -0.066746003925800323 0.036225315183401108 0.021237779408693314 0.26820561289787292 0.031620334833860397 -0.032667443156242371 -0.004729514941573143 -0.0046034883707761765 0.0046034594997763634 -0.042479183524847031 -0.014969417825341225 -0.042481783777475357 -0.006425890140235424 -0.095056340098381042 0.016242621466517448 0.016242574900388718 -0.0042183888144791126 -0.0095617230981588364 -0.0095617184415459633 -0.0046001812443137169 0.020003877580165863 0.01588742807507515 -0.11936964839696884 0.028979610651731491 0.015887385234236717 -0.0035602317657321692 0.046578347682952881 0.0082636121660470963 -0.0035597900860011578 0.16120254993438721 -0.031340405344963074 -0.011657876893877983 -0.040705747902393341 0.1625218540430069 -0.090220414102077484 -0.0065178391523659229 -0.0076238978654146194 0.038101304322481155 -0.10387102514505386 0.0059494506567716599 0.042425893247127533 0.083330743014812469 -0.060563337057828903 0.00045144071918912232 0.0090519385412335396 -0.11147303134202957 0.017712628468871117 0.0052577960304915905 -0.021384898573160172 0.11538376659154892 -0.042581729590892792 0.019814485684037209 -0.016808807849884033 0.05364358052611351 -0.032220829278230667 0.084522634744644165 0.069069698452949524 -0.0046025421470403671 -0.0046025300398468971 -0.004601605236530304 -0.0046016019769012928 0.16252559423446655 -0.090220987796783447 -0.0065225968137383461 -0.0076233679428696632 -0.11147305369377136 0.017711861059069633 0.0052566439844667912 -0.021384181454777718 -0.042414672672748566 0.0040457397699356079 -0.0021178142633289099 -0.0026277487631887197 -0.10199428349733353 0.072817564010620117 0.023949833586812019 0.019286079332232475 -2.7589638193603605e-05 -0.1024409756064415 -0.093748755753040314 -0.092955440282821655 -0.00022115811589173973 -0.020415443927049637 -0.018716949969530106 -0.018483990803360939 0.037546806037425995 -0.028034795075654984 -0.0011184411123394966 -0.024054372683167458 -0.018481355160474777 0.023343713954091072 0.018694831058382988 0.022609908133745193 -0.0095537547022104263 0 0 0 0.18924099206924438 0 0 0 -0.05058148130774498 0 0 0 -0.0068980003707110882 0 0 0 0 0 0 0 -0.001627102610655129 -0.0078450869768857956 -0.11819178611040115 -0.06235809251666069 0.027423916384577751 0 0 0 -0.10313989222049713 0.061737027019262314 0.070361673831939697 0.086117774248123169 -0.12150238454341888 -0.11615918576717377 -0.17582067847251892 0.058432873338460922 0.26820474863052368 0 0 0 0.017463479191064835 0.004707318264991045 0.017463479191064835 0.0045499601401388645 0.047535881400108337 0.00081024202518165112 0.00081004895037040114 0.011688313446938992 -0.034747421741485596 -0.0347474105656147 0.0046020150184631348 -0.0077264877036213875 -0.0020678665023297071 0.079303473234176636 -0.029787171632051468 -0.0020678660366684198 0.005653738509863615 -0.03010670468211174 -0.0027376881334930658 0.0056537371128797531 -0.046348627656698227 0.050595071166753769 -0.032055117189884186 0.00055417604744434357 -0.040270660072565079 0.074449963867664337 -0.026373213157057762 -0.014513394795358181 -0.0029141041450202465 0.035882096737623215 -0.00041072070598602295 -0.015878584235906601 -0.017097892239689827 0.069529823958873749 -0.021261904388666153 0.012171168811619282 0.010461734607815742 0.027712399140000343 -0.0097379498183727264 0.028043560683727264 -0.043778132647275925 0.050007041543722153 -0.042078360915184021 0.00055518466979265213 -0.043299395591020584 0.0086515238508582115 -0.03882882371544838 -0.0063512674532830715 0.0046019074507057667 0.004601907916367054 0.0046019069850444794 0.0046019060537219048 -0.040270231664180756 0.074449703097343445 -0.02637336403131485 -0.014513541013002396 0.010461465455591679 0.027712341398000717 -0.0097379777580499649 0.028043575584888458 -0.0036444226279854774 0.0092403460294008255 0.0019828330259770155 0.0070439823903143406 -0.064974598586559296 0.012951540760695934 -0.0021121487952768803 0.0079402616247534752 0.034066975116729736 0.022969579324126244 0.038044273853302002 0.028069354593753815 0.0064908210188150406 0.0028131860308349133 0.0055947164073586464 0.0035963028203696012 -0.034559614956378937 -0.031594201922416687 0.035977091640233994 0.0022935515735298395 0.0036645033396780491 0.017521483823657036 -0.018766244873404503 -0.00022584096586797386 0 -0.061584699898958206 -0.033312078565359116 -0.0068796765990555286 0 -0.071727395057678223 0.050134133547544479 0.050133727490901947 0 -0.064956992864608765 0.036147285252809525 -0.027604864910244942 -0.034738272428512573 -0.061841197311878204 -0.033174887299537659 -0.0064007863402366638 0 0 0 0 0.10620091110467911 -0.042236894369125366 0.0049067670479416847 0.0043877856805920601 0 -0.046688739210367203 0.015848970040678978 -0.03460770845413208 -0.010319636203348637 0.0023223545867949724 0.014528331346809864 -0.004780246876180172 0.084833405911922455 -0.048455528914928436 0.070580147206783295 0.011903725564479828 0 0.031619761139154434 -0.032668262720108032 -0.004729175940155983
-0.012852241285145283 -0.062432266771793365 -0.012851846404373646 -0.021872574463486671 -0.072203949093818665 0.0091267339885234833 0.009126896969974041 -0.04887763038277626 0.022574372589588165 0.022574642673134804 0 0.028847740963101387 0.029234332963824272 -0.015546531416475773 0.022615730762481689 0.029235199093818665 0.0040448778308928013 -0.0095228943973779678 -0.018419073894619942 0.0040448918007314205 0.017879419028759003 0.17339068651199341 -0.078952580690383911 -0.035256404429674149 -0.030860321596264839 0.15028797090053558 -0.027482194826006889 -0.016300484538078308 -0.032717026770114899 0.012699351646006107 0.023947179317474365 0.0078892195597290993 -0.022922566160559654 0.057368703186511993 -0.018525129184126854 0.0077365618199110031 0.026592308655381203 -0.13266877830028534 -0.012946393340826035 0.016813866794109344 0.0064645521342754364 -0.00076066172914579511 -0.01630411297082901 0.016686616465449333 0.0055577079765498638 -0.063995704054832458 0.016850665211677551 0.043627887964248657 0 0 0 0 -0.030862897634506226 0.15029303729534149 -0.027483368292450905 -0.016301980242133141 0.026589224115014076 -0.13266874849796295 -0.012945102527737617 0.016814284026622772 0.0051829526200890541 -0.1653294712305069 0.012017284519970417 0.017958760261535645 0.0051829456351697445 -0.16532818973064423 0.012017256580293179 0.017957217991352081 -0.014098013751208782 0.13495512306690216 -0.025305576622486115 -0.031938932836055756 -0.055215120315551758 0.024412473663687706 -0.091351434588432312 -0.10302767902612686 -0.019636150449514389 0.025939919054508209 0.067221894860267639 -0.056927703320980072 0.015095964074134827 -0.0039751878939568996 -0.031643789261579514 0.053993191570043564 0.0078987376764416695 -0.0089537985622882843 0.0076188188977539539 0.036349952220916748 -0.0070182224735617638 0.22396485507488251 -0.028424449265003204 -0.047178156673908234 0.005132812075316906 -0.029239626601338387 0.027384091168642044 -0.0044832853600382805 0.0075767282396554947 -0.0080990120768547058 0.0067122559994459152 0.034887451678514481 0 0 0 0 -0.024641787633299828 0.0030666023958474398 -0.0079287337139248848 0.0014815524918958545 -0.011657876893877983 -0.0059925555251538754 0.02405611053109169 0.00067942694295197725 0.021698638796806335 0.026915287598967552 -0.033198658376932144 -0.014815168455243111 -0.003656856482848525 -0.051766205579042435 0.034362047910690308 0.036022480577230453 0.0017567947506904602 0.29135358333587646 -0.032864261418581009 -0.029108010232448578 0.0062860636971890926 -0.0062860576435923576 0.0045361150987446308 0.0058443956077098846 0.004535979125648737 -8.7305801571346819e-05 0.0019106580875813961 -0.01175416074693203 -0.011754299513995647 -0.0061002331785857677 0.0078981760889291763 0.0078981760889291763 0.0062828590162098408 -0.00018429502961225808 -0.006676016841083765 0.020023943856358528 -0.006520511582493782 -0.0066760019399225712 -0.013957688584923744 0.050199419260025024 0.018379434943199158 -0.01395820826292038 0.027574190869927406 -0.018950901925563812 -0.010285412892699242 0.0013035095762461424 -3.7616748159052804e-05 -0.016904374584555626 -0.0016583154210820794 -0.0062407986260950565 -0.034859184175729752 -0.00059394392883405089 0.011800619773566723 -0.01145915687084198 0.0040912237018346786 0.0046041165478527546 -0.0074215871281921864 0.0037112133577466011 0.017985546961426735 0.015726897865533829 0.0049909711815416813 0.0022879496682435274 0.018713256344199181 -0.026087753474712372 0.0031791457440704107 -0.0071574277244508266 0.013671532273292542 -0.03077845461666584 0.021366829052567482 -0.031140198931097984 0.0062888823449611664 0.0062888795509934425 0.0062894034199416637 0.0062894071452319622 -3.9724844100419432e-05 -0.016903379932045937 -0.0016562597593292594 -0.0062409644015133381 0.017984690144658089 0.015728725120425224 0.0049906871281564236 0.0022899005562067032 0.0045258821919560432 0.0051923454739153385 0.0055178920738399029 0.0085729984566569328 0.00028899870812892914 -0.014729824848473072 -0.012422314845025539 0.012617474421858788 -0.00055299996165558696 0.0029023874085396528 0.0024721194058656693 -0.0020052008330821991 0.0064226598478853703 0.0059751113876700401 0.0059206592850387096 0.0050244727171957493 -0.014621231704950333 -0.0142849525436759 -0.0018074517138302326 0.00032700298470444977 -0.0055238865315914154 -0.010961441323161125 -0.01311168260872364 -0.013496886938810349 0.0078991400077939034 0 0 0 -0.0070226625539362431 0 0 0 0.0051373457536101341 0 0 0 0.0075461398810148239 0 0 0 0 0 0 0 0.013709805905818939 -0.025957314297556877 0.0058388547040522099 0.012992803007364273 -0.01166019681841135 0 0 0 0.021098241209983826 0.021210219711065292 -0.0012491581728681922 0.0047360439784824848 0.0190996453166008 0.073906585574150085 -0.0063924631103873253 0.01521040964871645 0.0017581922002136707 0 0 0 -0.0098182186484336853 -0.023312259465456009 -0.0098182233050465584 -0.0010020892368629575 -0.062984079122543335 0.012638247571885586 0.012637926265597343 -0.037796441465616226 0.012508049607276917 0.012508047744631767 -0.006287300493568182 0.016398407518863678 0.023519799113273621 -0.027823252603411674 0.020865518599748611 0.023519799113273621 0.012186590582132339 -0.044630281627178192 -0.031448058784008026 0.012186581268906593 -0.011602098122239113 0.14742709696292877 -0.048211086541414261 -0.026933597400784492 -0.024313565343618393 0.13318382203578949 -0.01990584097802639 -0.0075033023022115231 -0.016306336969137192 0.014829720370471478 0.020626205950975418 0.015861315652728081 -0.025652792304754257 0.053828239440917969 -0.012812022119760513 0.0048650871030986309 0.015510362572968006 -0.1530747264623642 -0.016887636855244637 0.016198486089706421 -0.0083066755905747414 0.021874804049730301 -0.018552999943494797 0.022045699879527092 -0.0039883442223072052 -0.046950303018093109 0.0023448893334716558 0.070180676877498627 -0.0062876380980014801 -0.0062876380980014801 -0.0062876367010176182 -0.0062876343727111816 -0.024312641471624374 0.13318395614624023 -0.019905021414160728 -0.0075039439834654331 0.015510120429098606 -0.15307572484016418 -0.016887756064534187 0.016198810189962387 -0.0035633714869618416 -0.087322212755680084 0.0031915206927806139 0.0047264457680284977 0.025685751810669899 -0.17641912400722504 0.014707366935908794 0.017417797818779945 -0.01408047042787075 0.1445787250995636 -0.03025682270526886 -0.034335844218730927 -0.027391107752919197 0.0023602901492267847 -0.0331270731985569 -0.034104444086551666 -0.0098004322499036789 0.026389326900243759 0.062151957303285599 -0.052591796964406967 0.014159781858325005 0.0031907414086163044 -0.017305070534348488 0.04947330430150032 0 -0.0089553659781813622 0.0076148943044245243 0.036342397332191467 0 0.22397951781749725 -0.028421957045793533 -0.047176100313663483 0 -0.029212826862931252 0.027391085401177406 -0.0044819037429988384 0.031423985958099365 -0.0081008784472942352 0.006711161695420742 0.034883297979831696 0 0 0 0 -0.091274388134479523 0.01056243758648634 -0.0074857738800346851 -0.0030899988487362862 0 -0.0059999478980898857 0.024053893983364105 0.00067898002453148365 0.035888649523258209 0.026665337383747101 -0.03333050012588501 -0.014933175407350063 -0.068532176315784454 -0.072821594774723053 0.038222085684537888 0.036224808543920517 0 0.29135316610336304 -0.032866943627595901 -0.029108045622706413
-0.027382206171751022 -0.064882539212703705 -0.027383193373680115 -0.018079649657011032 -0.067781932651996613 0.0021421392448246479 0.0021421601995825768 0.042152300477027893 0.0063073616474866867 0.0063075716607272625 0 0.041685223579406738 0.02394377812743187 -0.056122198700904846 -0.0015430948697030544 0.023944960907101631 -0.0063872034661471844 -0.001525952247902751 -0.009683588519692421 -0.0063872169703245163 0.0060663726180791855 -0.011936802417039871 0.11804881691932678 0.0025586090050637722 -0.036890268325805664 -0.026639236137270927 0.13218340277671814 -0.0059469048865139484 -0.030540265142917633 -0.013008304871618748 0.03141813725233078 -0.005758513230830431 0.010562696494162083 -0.00058015156537294388 0.04509865865111351 -0.021709708496928215 0.023808257654309273 0.010233679786324501 -0.10846672207117081 -0.017200907692313194 0.002462250180542469 -0.021003460511565208 -0.012724239379167557 -0.035831820219755173 -0.0030541075393557549 -0.021767403930425644 -0.02448197640478611 -0.026496807113289833 0 0 0 0 -0.036889057606458664 -0.026636689901351929 0.13220104575157166 -0.0059472178108990192 0.023806080222129822 0.010234399698674679 -0.10846977680921555 -0.0172010138630867 0.0071720955893397331 0.015693413093686104 -0.15898646414279938 0.018109658733010292 0.007172747515141964 0.015691930428147316 -0.15898716449737549 0.018111035227775574 -0.027616184204816818 -0.042069181799888611 0.13013511896133423 -0.047299068421125412 -0.057978648692369461 -0.095553629100322723 0.027413647621870041 -0.10663706064224243 -0.014567213132977486 0.018218811601400375 0.028224214911460876 -0.029372610151767731 0.0068866969086229801 -0.0082954782992601395 -0.015468575991690159 0.024274781346321106 0.0022742538712918758 0.011887938715517521 0.0026806124951690435 -0.0040828455239534378 -0.019350234419107437 -0.022893846035003662 0.26002252101898193 0.0047764694318175316 0.0036103983875364065 0.024357207119464874 -0.069949217140674591 0.044739287346601486 0.0018660054774954915 0.013871291652321815 0.0030166148208081722 -0.0050126276910305023 0 0 0 0 -0.0020433899480849504 0.05936792865395546 -0.012111004441976547 0.015673933550715446 -0.012532786466181278 -0.0014808127889409661 -0.0042812982574105263 0.044247418642044067 0.013698415830731392 0.0038542111869901419 0.027801748365163803 0.03528996929526329 0.0063067497685551643 0.05162714421749115 0.00054718874162063003 0.030163081362843513 0.0042271818965673447 -0.041713226586580276 0.27934432029724121 -0.040353905409574509 0.0066818995401263237 -0.0066819246858358383 0.0086975656449794769 0.0079116495326161385 0.008700651116669178 0.0053055626340210438 0.0082246251404285431 -0.0076781916432082653 -0.0076782642863690853 -0.02154947817325592 0.00227967812679708 0.002279685577377677 0.006681535392999649 -0.0038599960971623659 -0.0042556440457701683 0.0038780334871262312 -0.0099899992346763611 -0.0042556514963507652 -0.0018845997983589768 0.06008012592792511 0.0056198225356638432 -0.0018842613790184259 0.015270930714905262 0.01269929576665163 -0.055801801383495331 0.012725723907351494 -0.0077243680134415627 0.028132563456892967 -0.047531452029943466 0.010251582600176334 -0.030847011134028435 0.028217444196343422 0.0018489280482754111 -0.00099859444890171289 0.0030096848495304585 0.0029815735761076212 -0.011999265290796757 0.014496617019176483 0.016078606247901917 -0.02370857447385788 0.041035644710063934 0.0020338133908808231 0.0085386931896209717 0.02942359633743763 -0.028746349737048149 0.0030044508166611195 0.003901561489328742 0.033066440373659134 0.032895714044570923 0.002154486021026969 0.0066807135008275509 0.0066807135008275509 0.0066804205998778343 0.006680426187813282 -0.0077289193868637085 0.028132526203989983 -0.047528721392154694 0.010251949541270733 0.0160792525857687 -0.023707201704382896 0.041032895445823669 0.0020343479700386524 0.008631167933344841 0.0091143837198615074 0.0034138585906475782 0.0094153881072998047 0.010258880443871021 0.013389206491410732 -0.032720975577831268 0.016415560618042946 0.0018004633020609617 0.0066266022622585297 0.014880109578371048 0.0061523825861513615 0.0073473686352372169 0.007462755311280489 0.0091070346534252167 0.0073776431381702423 -0.010673011653125286 0.015845650807023048 -0.030943034216761589 0.0087110763415694237 -0.0020051370374858379 -0.011492921970784664 -0.0036450384650379419 -0.010285433381795883 0.0022797349374741316 0 0 0 -0.019348431378602982 0 0 0 0.0036150931846350431 0 0 0 0.0017865346744656563 0 0 0 0 0 0 0 0.01893158070743084 -0.015147765167057514 -0.0013094714377075434 0.010165256448090076 -0.0125318868085742 0 0 0 0.013342909514904022 0.010805266909301281 0.049049880355596542 0.010422111488878727 0.031932152807712555 -0.0091362679377198219 0.091568909585475922 -0.027791736647486687 0.0042245448566973209 0 0 0 -0.020088514313101768 -0.02572193555533886 -0.02008851058781147 -0.0061142616905272007 -0.06354745477437973 0.0053995177149772644 0.0053993044421076775 0.048663787543773651 0.0034372631926089525 0.0034372606314718723 -0.0066847852431237698 0.027064252644777298 0.018084323033690453 -0.038087833672761917 0.0076027330942451954 0.018084323033690453 -0.006143900565803051 -0.043934296816587448 -0.013887186534702778 -0.0061438977718353271 -0.0092354528605937958 -0.020757833495736122 0.13619005680084229 -0.00943741574883461 -0.022400306537747383 -0.045312803238630295 0.14244583249092102 -0.013514947146177292 -0.016273718327283859 -0.03060765378177166 0.034653931856155396 -0.0060448115691542625 0.0082109589129686356 -0.0028653542976826429 0.052816919982433319 -0.032608959823846817 0.013915353454649448 0.028082150965929031 -0.14100098609924316 -0.019678045064210892 -0.0043025501072406769 -0.047198709100484848 0.01029491238296032 -0.037564091384410858 -0.0061776167713105679 -0.05379113182425499 -0.050616655498743057 -0.030187655240297318 -0.0066847512498497963 -0.0066847489215433598 -0.0066847493872046471 -0.0066847503185272217 -0.022399343550205231 -0.045312978327274323 0.14244861900806427 -0.013515434227883816 0.013916240073740482 0.028081821277737617 -0.14100238680839539 -0.019679155200719833 -0.0087212482467293739 0.0023336061276495457 -0.087754085659980774 0.0042826319113373756 -0.0094680022448301315 0.014755823649466038 -0.16551390290260315 0.017023812979459763 -0.02759813517332077 -0.051308512687683105 0.13202184438705444 -0.058805927634239197 -0.029186328873038292 -0.035779058933258057 0.00056603405391797423 -0.037217777222394943 -0.0080076670274138451 0.013631410896778107 0.031381931155920029 -0.028592348098754883 0.0063239154405891895 0.00014066285802982748 -0.010072230361402035 0.02476082555949688 0 0.011894303373992443 0.0026778539177030325 -0.0040852031670510769 0 -0.022894149646162987 0.26002213358879089 0.0047757741995155811 0 0.024357356131076813 -0.069952316582202911 0.044735919684171677 0.034161943942308426 0.013870755210518837 0.0030127954669296741 -0.0050164260901510715 0 0 0 0 -0.060951028019189835 0.04553338885307312 -0.0081351501867175102 0.0077990428544580936 0 -0.0014781872741878033 -0.0042743380181491375 0.044247251003980637 0.02208242379128933 0.0037026070058345795 0.027218637987971306 0.035286791622638702 -0.071162223815917969 0.058735370635986328 -0.015761135146021843 0.038097154349088669 0 -0.041711866855621338 0.27934017777442932 -0.040353827178478241
-0.014968636445701122 -0.056645914912223816 -0.014968005940318108 -0.016710223630070686 -0.049934528768062592 -0.0012201572535559535 -0.0012201934587210417 0.017383702099323273 0.011254934594035149 0.011254992336034775 0 0.024321069940924644 0.025504723191261292 0.0088163381442427635 0.013435044325888157 0.025504099205136299 0.0039792256429791451 -0.047202635556459427 -0.028231469914317131 0.0039792140014469624 -0.0055368910543620586 -0.008531901054084301 -0.023879008367657661 0.1025220975279808 8.5300773207563907e-05 -0.012218286283314228 -0.020032739266753197 0.09742843359708786 0.0031643747352063656 -0.0042264261282980442 -0.0013995530316606164 0.013544850051403046 0.0011226768838241696 0.0045000556856393814 -1.6750565919210203e-05 0.057257991284132004 -0.0083048148080706596 -0.0033565089106559753 -0.0029705173801630735 -0.068922802805900574 0.0092099513858556747 -0.0043734479695558548 -0.021074261516332626 -0.017959302291274071 0.019856907427310944 -0.0060010780580341816 -0.0033866653684526682 -0.04640376940369606 0 0 0 0 8.5151295934338123e-05 -0.012217487208545208 -0.020032471045851707 0.097423762083053589 -0.0083044050261378288 -0.0033553729299455881 -0.0029678072314709425 -0.068925410509109497 0.0055550937540829182 0.016023671254515648 0.010225092992186546 -0.13098107278347015 0.0055555384606122971 0.0160207599401474 0.010224414058029652 -0.13098044693470001 -0.016152817755937576 -0.029689433053135872 -0.025721220299601555 0.11937927454710007 -0.050364460796117783 -0.084922678768634796 -0.082365743815898895 0.022309171035885811 -0.017198555171489716 0.007031966932117939 0.009906914085149765 -0.0062838830053806305 0.004666594322770834 -0.005848967470228672 -0.0079646538943052292 0.0028589577414095402 0.0040186061523854733 0.020278105512261391 -0.0012866044417023659 -0.00025346077745780349 0.0092378724366426468 0.012581366114318371 0.017845854163169861 0.20616048574447632 -0.0023039961233735085 0.021300209686160088 -0.010556833818554878 -0.023894209414720535 0.0028635293710976839 0.019927803426980972 -0.00046563288196921349 0.0012373443460091949 0 0 0 0 0.017458211630582809 0.0072949333116412163 -0.022239897400140762 0.034815587103366852 -0.011835623532533646 0.015155876986682415 0.040269721299409866 -0.023375516757369041 0.0083101512864232063 -0.016373902559280396 0.01681295782327652 0.018857778981328011 -0.0035476682242006063 0.020019304007291794 0.025887705385684967 0.050155520439147949 -0.0071893022395670414 -0.035869210958480835 -0.036944746971130371 0.22893767058849335 0.010008485056459904 -0.010008456185460091 0.0079501718282699585 0.0095290858298540115 0.0079534966498613358 0.0026754264254122972 0.0075538097880780697 -0.0074606053531169891 -0.0074606160633265972 0.0071394038386642933 0.0040199244394898415 0.0040199202485382557 0.010006839409470558 -0.00028408650541678071 -0.0010430921101942658 0.040299039334058762 -0.070463411509990692 -0.0010431163245812058 -0.0017449501901865005 -0.014801700599491596 0.036485321819782257 -0.0017453617183491588 0.038191299885511398 0.014042382128536701 -0.028443630784749985 -0.025042306631803513 0.017713561654090881 0.023621851578354836 -0.023781204596161842 -0.022116729989647865 -0.021943772211670876 0.018811287358403206 0.0016301405848935246 -0.00093572825426235795 0.0085052782669663429 0.011586160399019718 -6.3131636125035584e-05 -0.0021229633130133152 0.0036580893211066723 -0.013745763339102268 0.027705090120434761 0.034845571964979172 0.024244353175163269 0.0034587036352604628 0.0023642904125154018 -0.015774887055158615 0.0046443594619631767 -0.01498821284621954 0.038369808346033096 0.0045621283352375031 0.010004197247326374 0.010004200972616673 0.010004051029682159 0.010004051029682159 0.017714554443955421 0.023622848093509674 -0.023778652772307396 -0.022117374464869499 0.0036579302977770567 -0.013746358454227448 0.027705911546945572 0.034845225512981415 0.0079827923327684402 0.012380355969071388 0.0094560002908110619 0.0085436757653951645 0.0024496738333255053 0.009702376089990139 -0.013750926591455936 -0.020702529698610306 -0.0071556535549461842 0.00031141721410676837 0.0044977366924285889 0.0057563311420381069 0.010120618157088757 0.0086433067917823792 0.0094673503190279007 0.0097092790529131889 -0.0090267444029450417 0.010213629342615604 -0.009194517508149147 -0.012509682215750217 -0.0038885793182998896 -0.010257450863718987 -0.0069937389343976974 -0.0064168227836489677 0.0040173311717808247 0 0 0 0.0092385280877351761 0 0 0 -0.0023023090325295925 0 0 0 0.002854976337403059 0 0 0 0 0 0 0 0.026706624776124954 -0.028562033548951149 0.011626141145825386 0.0065884147770702839 -0.011829996481537819 0 0 0 0.0084837786853313446 -0.002830596175044775 0.034790609031915665 0.013282463885843754 0.00018335110507905483 -0.0014818771742284298 0.0354764424264431 0.080489687621593475 -0.0071880286559462547 0 0 0 -0.013566961511969566 -0.024565890431404114 -0.013566962443292141 -0.0035299796145409346 -0.047864310443401337 0.0027519576251506805 0.0027497869450598955 0.010448940098285675 0.0061976900324225426 0.0061976872384548187 -0.010005269199609756 0.013922393321990967 0.016057413071393967 -0.031259849667549133 0.069804362952709198 0.016057420521974564 0.0054464456625282764 -0.034884274005889893 -0.05360446497797966 0.0054464428685605526 -0.038504786789417267 -0.019458943977952003 0.0082013560459017754 0.097072556614875793 -0.015179680660367012 -0.030068544670939445 0.0043460223823785782 0.09605707973241806 0.017608074471354485 -0.015350806526839733 -0.0025095206219702959 0.016108796000480652 -0.0051929540932178497 -0.0043432177044451237 2.0524483261397108e-05 0.058677900582551956 -0.01118476502597332 0.0063913310877978802 -0.021753793582320213 -0.097967617213726044 -0.0099365236237645149 -0.0074899639002978802 -0.022562708705663681 -0.0052662077359855175 0.018128884956240654 0.0060883974656462669 -0.031991880387067795 -0.053501531481742859 -0.0100057078525424 -0.010005706921219826 -0.010005705989897251 -0.010005705058574677 -0.01517927274107933 -0.030068382620811462 0.0043463506735861301 0.096054412424564362 -0.011183924041688442 0.0063901259563863277 -0.021753683686256409 -0.097963742911815643 -0.008775259368121624 0.00046171151916496456 -0.00016215270443353802 -0.076584503054618835 0.017766648903489113 0.015738589689135551 0.012969035655260086 -0.13724410533905029 -0.016064593568444252 -0.032569434493780136 -0.03244708850979805 0.12982948124408722 -0.027807949110865593 -0.033474452793598175 -0.033427491784095764 -0.0020586592145264149 -0.024003805592656136 0.0044999169185757637 0.010723726823925972 -0.0036626257933676243 0.0048464443534612656 0.0013065008679404855 -0.0022177319042384624 0.0060688303783535957 0 0.020282924175262451 -0.0012906986521556973 -0.00025699959951452911 0 0.012580869719386101 0.017847646027803421 0.20616360008716583 0 0.021303137764334679 -0.010559839196503162 -0.023869764059782028 0.020308194682002068 0.019924469292163849 -0.00047220540000125766 0.0012364455033093691 0 0 0 0 -0.044651631265878677 0.014287831261754036 -0.019373899325728416 0.022407844662666321 0 0.015157567337155342 0.040267203003168106 -0.023342084139585495 -0.0043208645656704903 -0.016390912234783173 0.016373760998249054 0.018735570833086967 -0.01295899972319603 0.022335551679134369 0.021587107330560684 0.039111729711294174 0 -0.035876341164112091 -0.03694513812661171 0.22893348336219788
intercept
-2.6366480554429472e-08 8.0839557270451223e-10 1.5322198620992822e-08 4.5312834373589794e-08
